939,8
939,7
939,6
939,3
939,2
939,1
939,0
938,4
938,3
938,2
938,1
938,0
937,3
937,2
937,1
937,0
936,5
936,3
936,2
936,1
936,0
935,3
935,2
935,1
935,0
934,3
934,2
934,1
934,0
933,5
933,4
933,3
933,2
933,1
933,0
932,4
932,3
932,2
932,1
932,0
931,3
931,2
931,1
931,0
930,4
930,3
930,2
930,1
930,0
929,3
929,2
929,1
929,0
928,8
928,7
928,6
928,3
928,2
928,1
928,0
927,4
927,3
927,2
927,1
927,0
926,3
926,2
926,1
926,0
925,5
925,3
925,2
925,1
925,0
924,3
924,2
924,1
924,0
923,3
923,2
923,1
923,0
922,5
922,4
922,3
922,2
922,1
922,0
921,4
921,3
921,2
921,1
921,0
920,3
920,2
920,1
920,0
919,4
919,3
919,2
919,1
919,0
918,3
918,2
918,1
918,0
917,8
917,7
917,6
917,3
917,2
917,1
917,0
916,4
916,3
916,2
916,1
916,0
915,3
915,2
915,1
915,0
914,5
914,3
914,2
914,1
914,0
913,3
913,2
913,1
913,0
912,3
912,2
912,1
912,0
911,5
911,4
911,3
911,2
911,1
911,0
910,4
910,3
910,2
910,1
910,0
909,3
909,2
909,1
909,0
908,4
908,3
908,2
908,1
908,0
907,3
907,2
907,1
907,0
906,8
906,7
906,6
906,3
906,2
906,1
906,0
905,4
905,3
905,2
905,1
905,0
904,3
904,2
904,1
904,0
903,5
903,3
903,2
903,1
903,0
902,3
902,2
902,1
902,0
901,3
901,2
901,1
901,0
900,5
900,4
900,3
900,2
900,1
900,0
899,4
899,3
899,2
899,1
899,0
898,3
898,2
898,1
898,0
897,4
897,3
897,2
897,1
897,0
896,3
896,2
896,1
896,0
895,8
895,7
895,6
895,3
895,2
895,1
895,0
894,4
894,3
894,2
894,1
894,0
893,3
893,2
893,1
893,0
892,5
892,3
892,2
892,1
892,0
891,3
891,2
891,1
891,0
890,3
890,2
890,1
890,0
889,5
889,4
889,3
889,2
889,1
889,0
888,4
888,3
888,2
888,1
888,0
887,3
887,2
887,1
887,0
886,4
886,3
886,2
886,1
886,0
885,3
885,2
885,1
885,0
884,8
884,7
884,6
884,3
884,2
884,1
884,0
883,4
883,3
883,2
883,1
883,0
882,3
882,2
882,1
882,0
881,5
881,3
881,2
881,1
881,0
880,3
880,2
880,1
880,0
879,3
879,2
879,1
879,0
878,5
878,4
878,3
878,2
878,1
878,0
877,4
877,3
877,2
877,1
877,0
876,3
876,2
876,1
876,0
875,4
875,3
875,2
875,1
875,0
874,3
874,2
874,1
874,0
873,8
873,7
873,6
873,3
873,2
873,1
873,0
872,4
872,3
872,2
872,1
872,0
871,3
871,2
871,1
871,0
870,5
870,3
870,2
870,1
870,0
869,3
869,2
869,1
869,0
868,3
868,2
868,1
868,0
867,5
867,4
867,3
867,2
867,1
867,0
866,4
866,3
866,2
866,1
866,0
865,3
865,2
865,1
865,0
864,4
864,3
864,2
864,1
864,0
863,3
863,2
863,1
863,0
862,8
862,7
862,6
862,3
862,2
862,1
862,0
861,4
861,3
861,2
861,1
861,0
860,3
860,2
860,1
860,0
859,5
859,3
859,2
859,1
859,0
858,3
858,2
858,1
858,0
857,3
857,2
857,1
857,0
856,5
856,4
856,3
856,2
856,1
856,0
855,4
855,3
855,2
855,1
855,0
854,3
854,2
854,1
854,0
853,4
853,3
853,2
853,1
853,0
852,3
852,2
852,1
852,0
851,8
851,7
851,6
851,3
851,2
851,1
851,0
850,4
850,3
850,2
850,1
850,0
849,3
849,2
849,1
849,0
848,5
848,3
848,2
848,1
848,0
847,3
847,2
847,1
847,0
846,3
846,2
846,1
846,0
845,5
845,4
845,3
845,2
845,1
845,0
844,4
844,3
844,2
844,1
844,0
843,3
843,2
843,1
843,0
842,4
842,3
842,2
842,1
842,0
841,3
841,2
841,1
841,0
840,8
840,7
840,6
840,3
840,2
840,1
840,0
839,4
839,3
839,2
839,1
839,0
838,3
838,2
838,1
838,0
837,5
837,3
837,2
837,1
837,0
836,3
836,2
836,1
836,0
835,3
835,2
835,1
835,0
834,5
834,4
834,3
834,2
834,1
834,0
833,4
833,3
833,2
833,1
833,0
832,3
832,2
832,1
832,0
831,4
831,3
831,2
831,1
831,0
830,3
830,2
830,1
830,0
829,8
829,7
829,6
829,3
829,2
829,1
829,0
828,4
828,3
828,2
828,1
828,0
827,3
827,2
827,1
827,0
826,5
826,3
826,2
826,1
826,0
825,3
825,2
825,1
825,0
824,3
824,2
824,1
824,0
823,5
823,4
823,3
823,2
823,1
823,0
822,4
822,3
822,2
822,1
822,0
821,3
821,2
821,1
821,0
820,4
820,3
820,2
820,1
820,0
819,3
819,2
819,1
819,0
818,8
818,7
818,6
818,3
818,2
818,1
818,0
817,4
817,3
817,2
817,1
817,0
816,3
816,2
816,1
816,0
815,5
815,3
815,2
815,1
815,0
814,3
814,2
814,1
814,0
813,3
813,2
813,1
813,0
812,5
812,4
812,3
812,2
812,1
812,0
811,4
811,3
811,2
811,1
811,0
810,3
810,2
810,1
810,0
809,4
809,3
809,2
809,1
809,0
808,3
808,2
808,1
808,0
807,8
807,7
807,6
807,3
807,2
807,1
807,0
806,4
806,3
806,2
806,1
806,0
805,3
805,2
805,1
805,0
804,5
804,3
804,2
804,1
804,0
803,3
803,2
803,1
803,0
802,3
802,2
802,1
802,0
801,5
801,4
801,3
801,2
801,1
801,0
800,4
800,3
800,2
800,1
800,0
799,3
799,2
799,1
799,0
798,4
798,3
798,2
798,1
798,0
797,3
797,2
797,1
797,0
796,8
796,7
796,6
796,3
796,2
796,1
796,0
795,4
795,3
795,2
795,1
795,0
794,3
794,2
794,1
794,0
793,5
793,3
793,2
793,1
793,0
792,3
792,2
792,1
792,0
791,3
791,2
791,1
791,0
790,5
790,4
790,3
790,2
790,1
790,0
789,4
789,3
789,2
789,1
789,0
788,3
788,2
788,1
788,0
787,4
787,3
787,2
787,1
787,0
786,3
786,2
786,1
786,0
785,8
785,7
785,6
785,3
785,2
785,1
785,0
784,4
784,3
784,2
784,1
784,0
783,3
783,2
783,1
783,0
782,5
782,3
782,2
782,1
782,0
781,3
781,2
781,1
781,0
780,3
780,2
780,1
780,0
779,5
779,4
779,3
779,2
779,1
779,0
778,4
778,3
778,2
778,1
778,0
777,3
777,2
777,1
777,0
776,4
776,3
776,2
776,1
776,0
775,3
775,2
775,1
775,0
774,8
774,7
774,6
774,3
774,2
774,1
774,0
773,4
773,3
773,2
773,1
773,0
772,3
772,2
772,1
772,0
771,5
771,3
771,2
771,1
771,0
770,3
770,2
770,1
770,0
769,3
769,2
769,1
769,0
768,5
768,4
768,3
768,2
768,1
768,0
767,4
767,3
767,2
767,1
767,0
766,3
766,2
766,1
766,0
765,4
765,3
765,2
765,1
765,0
764,3
764,2
764,1
764,0
763,8
763,7
763,6
763,3
763,2
763,1
763,0
762,4
762,3
762,2
762,1
762,0
761,3
761,2
761,1
761,0
760,5
760,3
760,2
760,1
760,0
759,3
759,2
759,1
759,0
758,3
758,2
758,1
758,0
757,5
757,4
757,3
757,2
757,1
757,0
756,4
756,3
756,2
756,1
756,0
755,3
755,2
755,1
755,0
754,4
754,3
754,2
754,1
754,0
753,3
753,2
753,1
753,0
752,8
752,7
752,6
752,3
752,2
752,1
752,0
751,4
751,3
751,2
751,1
751,0
750,3
750,2
750,1
750,0
749,5
749,3
749,2
749,1
749,0
748,3
748,2
748,1
748,0
747,3
747,2
747,1
747,0
746,5
746,4
746,3
746,2
746,1
746,0
745,4
745,3
745,2
745,1
745,0
744,3
744,2
744,1
744,0
743,4
743,3
743,2
743,1
743,0
742,3
742,2
742,1
742,0
741,8
741,7
741,6
741,3
741,2
741,1
741,0
740,4
740,3
740,2
740,1
740,0
739,3
739,2
739,1
739,0
738,5
738,3
738,2
738,1
738,0
737,3
737,2
737,1
737,0
736,3
736,2
736,1
736,0
735,5
735,4
735,3
735,2
735,1
735,0
734,4
734,3
734,2
734,1
734,0
733,3
733,2
733,1
733,0
732,4
732,3
732,2
732,1
732,0
731,3
731,2
731,1
731,0
730,8
730,7
730,6
730,3
730,2
730,1
730,0
729,4
729,3
729,2
729,1
729,0
728,3
728,2
728,1
728,0
727,5
727,3
727,2
727,1
727,0
726,3
726,2
726,1
726,0
725,3
725,2
725,1
725,0
724,5
724,4
724,3
724,2
724,1
724,0
723,4
723,3
723,2
723,1
723,0
722,3
722,2
722,1
722,0
721,4
721,3
721,2
721,1
721,0
720,3
720,2
720,1
720,0
719,8
719,7
719,6
719,3
719,2
719,1
719,0
718,4
718,3
718,2
718,1
718,0
717,3
717,2
717,1
717,0
716,5
716,3
716,2
716,1
716,0
715,3
715,2
715,1
715,0
714,3
714,2
714,1
714,0
713,5
713,4
713,3
713,2
713,1
713,0
712,4
712,3
712,2
712,1
712,0
711,3
711,2
711,1
711,0
710,4
710,3
710,2
710,1
710,0
709,3
709,2
709,1
709,0
708,8
708,7
708,6
708,3
708,2
708,1
708,0
707,4
707,3
707,2
707,1
707,0
706,3
706,2
706,1
706,0
705,5
705,3
705,2
705,1
705,0
704,3
704,2
704,1
704,0
703,3
703,2
703,1
703,0
702,5
702,4
702,3
702,2
702,1
702,0
701,4
701,3
701,2
701,1
701,0
700,3
700,2
700,1
700,0
699,4
699,3
699,2
699,1
699,0
698,3
698,2
698,1
698,0
697,8
697,7
697,6
697,3
697,2
697,1
697,0
696,4
696,3
696,2
696,1
696,0
695,3
695,2
695,1
695,0
694,5
694,3
694,2
694,1
694,0
693,3
693,2
693,1
693,0
692,3
692,2
692,1
692,0
691,5
691,4
691,3
691,2
691,1
691,0
690,4
690,3
690,2
690,1
690,0
689,3
689,2
689,1
689,0
688,4
688,3
688,2
688,1
688,0
687,3
687,2
687,1
687,0
686,8
686,7
686,6
686,3
686,2
686,1
686,0
685,4
685,3
685,2
685,1
685,0
684,3
684,2
684,1
684,0
683,5
683,3
683,2
683,1
683,0
682,3
682,2
682,1
682,0
681,3
681,2
681,1
681,0
680,5
680,4
680,3
680,2
680,1
680,0
679,4
679,3
679,2
679,1
679,0
678,3
678,2
678,1
678,0
677,4
677,3
677,2
677,1
677,0
676,3
676,2
676,1
676,0
675,8
675,7
675,6
675,3
675,2
675,1
675,0
674,4
674,3
674,2
674,1
674,0
673,3
673,2
673,1
673,0
672,5
672,3
672,2
672,1
672,0
671,3
671,2
671,1
671,0
670,3
670,2
670,1
670,0
669,5
669,4
669,3
669,2
669,1
669,0
668,4
668,3
668,2
668,1
668,0
667,3
667,2
667,1
667,0
666,4
666,3
666,2
666,1
666,0
665,3
665,2
665,1
665,0
664,8
664,7
664,6
664,3
664,2
664,1
664,0
663,4
663,3
663,2
663,1
663,0
662,3
662,2
662,1
662,0
661,5
661,3
661,2
661,1
661,0
660,3
660,2
660,1
660,0
659,3
659,2
659,1
659,0
658,5
658,4
658,3
658,2
658,1
658,0
657,4
657,3
657,2
657,1
657,0
656,3
656,2
656,1
656,0
655,4
655,3
655,2
655,1
655,0
654,3
654,2
654,1
654,0
653,8
653,7
653,6
653,3
653,2
653,1
653,0
652,4
652,3
652,2
652,1
652,0
651,3
651,2
651,1
651,0
650,5
650,3
650,2
650,1
650,0
649,3
649,2
649,1
649,0
648,3
648,2
648,1
648,0
647,5
647,4
647,3
647,2
647,1
647,0
646,4
646,3
646,2
646,1
646,0
645,3
645,2
645,1
645,0
644,4
644,3
644,2
644,1
644,0
643,3
643,2
643,1
643,0
642,8
642,7
642,6
642,3
642,2
642,1
642,0
641,4
641,3
641,2
641,1
641,0
640,3
640,2
640,1
640,0
639,5
639,3
639,2
639,1
639,0
638,3
638,2
638,1
638,0
637,3
637,2
637,1
637,0
636,5
636,4
636,3
636,2
636,1
636,0
635,4
635,3
635,2
635,1
635,0
634,3
634,2
634,1
634,0
633,4
633,3
633,2
633,1
633,0
632,3
632,2
632,1
632,0
631,8
631,7
631,6
631,3
631,2
631,1
631,0
630,4
630,3
630,2
630,1
630,0
629,3
629,2
629,1
629,0
628,5
628,3
628,2
628,1
628,0
627,3
627,2
627,1
627,0
626,3
626,2
626,1
626,0
625,5
625,4
625,3
625,2
625,1
625,0
624,4
624,3
624,2
624,1
624,0
623,3
623,2
623,1
623,0
622,4
622,3
622,2
622,1
622,0
621,3
621,2
621,1
621,0
620,8
620,7
620,6
620,3
620,2
620,1
620,0
619,4
619,3
619,2
619,1
619,0
618,3
618,2
618,1
618,0
617,5
617,3
617,2
617,1
617,0
616,3
616,2
616,1
616,0
615,3
615,2
615,1
615,0
614,5
614,4
614,3
614,2
614,1
614,0
613,4
613,3
613,2
613,1
613,0
612,3
612,2
612,1
612,0
611,4
611,3
611,2
611,1
611,0
610,3
610,2
610,1
610,0
609,8
609,7
609,6
609,3
609,2
609,1
609,0
608,4
608,3
608,2
608,1
608,0
607,3
607,2
607,1
607,0
606,5
606,3
606,2
606,1
606,0
605,3
605,2
605,1
605,0
604,3
604,2
604,1
604,0
603,5
603,4
603,3
603,2
603,1
603,0
602,4
602,3
602,2
602,1
602,0
601,3
601,2
601,1
601,0
600,4
600,3
600,2
600,1
600,0
599,3
599,2
599,1
599,0
598,8
598,7
598,6
598,3
598,2
598,1
598,0
597,4
597,3
597,2
597,1
597,0
596,3
596,2
596,1
596,0
595,5
595,3
595,2
595,1
595,0
594,3
594,2
594,1
594,0
593,3
593,2
593,1
593,0
592,5
592,4
592,3
592,2
592,1
592,0
591,4
591,3
591,2
591,1
591,0
590,3
590,2
590,1
590,0
589,4
589,3
589,2
589,1
589,0
588,3
588,2
588,1
588,0
587,7
587,6
587,4
587,3
587,2
587,1
587,0
586,4
586,3
586,2
586,1
586,0
585,3
585,2
585,1
585,0
584,5
584,3
584,2
584,1
584,0
583,3
583,2
583,1
583,0
582,3
582,2
582,1
582,0
581,5
581,4
581,3
581,2
581,1
581,0
580,4
580,3
580,2
580,1
580,0
579,3
579,2
579,1
579,0
578,4
578,3
578,2
578,1
578,0
577,3
577,2
577,1
577,0
576,8
576,7
576,6
576,3
576,2
576,1
576,0
575,4
575,3
575,2
575,1
575,0
574,3
574,2
574,1
574,0
573,5
573,3
573,2
573,1
573,0
572,3
572,2
572,1
572,0
571,3
571,2
571,1
571,0
570,5
570,4
570,3
570,2
570,1
570,0
569,4
569,3
569,2
569,1
569,0
568,3
568,2
568,1
568,0
567,4
567,3
567,2
567,1
567,0
566,3
566,2
566,1
566,0
565,8
565,7
565,6
565,3
565,2
565,1
565,0
564,4
564,3
564,2
564,1
564,0
563,3
563,2
563,1
563,0
562,5
562,3
562,2
562,1
562,0
561,3
561,2
561,1
561,0
560,3
560,2
560,1
560,0
559,5
559,4
559,3
559,2
559,1
559,0
558,4
558,3
558,2
558,1
558,0
557,3
557,2
557,1
557,0
556,4
556,3
556,2
556,1
556,0
555,3
555,2
555,1
555,0
554,8
554,7
554,6
554,3
554,2
554,1
554,0
553,4
553,3
553,2
553,1
553,0
552,3
552,2
552,1
552,0
551,5
551,3
551,2
551,1
551,0
550,3
550,2
550,1
550,0
549,3
549,2
549,1
549,0
548,5
548,4
548,3
548,2
548,1
548,0
547,4
547,3
547,2
547,1
547,0
546,3
546,2
546,1
546,0
545,4
545,3
545,2
545,1
545,0
544,3
544,2
544,1
544,0
543,8
543,7
543,6
543,3
543,2
543,1
543,0
542,4
542,3
542,2
542,1
542,0
541,3
541,2
541,1
541,0
540,5
540,3
540,2
540,1
540,0
539,3
539,2
539,1
539,0
538,3
538,2
538,1
538,0
537,5
537,4
537,3
537,2
537,1
537,0
536,4
536,3
536,2
536,1
536,0
535,3
535,2
535,1
535,0
534,4
534,3
534,2
534,1
534,0
533,3
533,2
533,1
533,0
532,8
532,7
532,6
532,3
532,2
532,1
532,0
531,4
531,3
531,2
531,1
531,0
530,3
530,2
530,1
530,0
529,5
529,3
529,2
529,1
529,0
528,3
528,2
528,1
528,0
527,3
527,2
527,1
527,0
526,5
526,4
526,3
526,2
526,1
526,0
525,4
525,3
525,2
525,1
525,0
524,3
524,2
524,1
524,0
523,4
523,3
523,2
523,1
523,0
522,3
522,2
522,1
522,0
521,8
521,7
521,6
521,3
521,2
521,1
521,0
520,4
520,3
520,2
520,1
520,0
519,3
519,2
